0 0.5583333333333333 0.83984375 0.008333333333333333 0.0140625
1 0.5427083333333333 0.4546875 0.03125 0.025
1 0.8312499999999999 0.76171875 0.016666666666666666 0.0171875
1 0.4479166666666667 0.41953125 0.020833333333333332 0.035937500000000004
1 0.325 0.8375 0.029166666666666667 0.021875000000000002
1 0.84375 0.9359375000000001 0.020833333333333332 0.018750000000000003
1 0.7166666666666667 0.57421875 0.025 0.0171875
1 0.5979166666666667 0.74375 0.020833333333333332 0.018750000000000003
1 0.9427083333333334 0.828125 0.022916666666666665 0.018750000000000003
0 0.42604166666666665 0.37890625 0.022916666666666665 0.0203125
0 0.6416666666666666 0.4140625 0.029166666666666667 0.028125
