0 0.39375 0.5296875 0.041666666666666664 0.046875
3 0.8395833333333333 0.6468750000000001 0.05 0.046875
3 0.9364583333333333 0.69453125 0.052083333333333336 0.051562500000000004
1 0.2625 0.146875 0.22916666666666666 0.1875
1 0.42604166666666665 0.0546875 0.25625 0.1125
1 0.4875 0.1375 0.14583333333333334 0.1
0 0.4270833333333333 0.49531250000000004 0.07083333333333333 0.05
0 0.321875 0.446875 0.09375 0.053125000000000006
2 0.50625 0.84765625 0.14583333333333334 0.15781250000000002
3 0.6489583333333333 0.690625 0.19791666666666666 0.16562500000000002
1 0.24375 0.5906250000000001 0.325 0.246875
