3 0.9052083333333333 0.434375 0.06458333333333333 0.053125000000000006
3 0.7322916666666667 0.609375 0.03958333333333333 0.034375
3 0.96875 0.6468750000000001 0.058333333333333334 0.065625
3 0.1375 0.21640625000000002 0.04583333333333333 0.0421875
3 0.4708333333333333 0.5164062500000001 0.46249999999999997 0.38906250000000003
3 0.38125 0.68125 0.025 0.018750000000000003
3 0.378125 0.7093750000000001 0.022916666666666665 0.015625
3 0.4010416666666667 0.7132812500000001 0.027083333333333334 0.0203125
3 0.4010416666666667 0.75703125 0.01875 0.0203125
3 0.628125 0.74609375 0.03125 0.026562500000000003
3 0.671875 0.29765625 0.06458333333333333 0.0390625
