3 0.6765625000000001 0.35104166666666664 0.028125 0.04791666666666666
3 0.13046875 0.33541666666666664 0.0140625 0.025
3 0.27265625 0.4270833333333333 0.0140625 0.020833333333333332
3 0.11875000000000001 0.36041666666666666 0.018750000000000003 0.029166666666666667
3 0.19062500000000002 0.225 0.018750000000000003 0.025
3 0.29765625 0.34375 0.0171875 0.025
3 0.45234375000000004 0.190625 0.0203125 0.035416666666666666
3 0.23984375000000002 0.34479166666666666 0.0171875 0.027083333333333334
3 0.87265625 0.2739583333333333 0.0328125 0.03958333333333333
3 0.98203125 0.6552083333333333 0.0328125 0.052083333333333336
3 0.18281250000000002 0.29583333333333334 0.018750000000000003 0.029166666666666667
3 0.03125 0.24166666666666667 0.028125 0.0375
3 0.35781250000000003 0.7291666666666666 0.053125000000000006 0.0875
3 0.671875 0.21562499999999998 0.0625 0.11041666666666666
3 0.38515625000000003 0.5697916666666667 0.0484375 0.07708333333333334
3 0.15546875000000002 0.15104166666666666 0.0140625 0.01875
3 0.62265625 0.3302083333333333 0.026562500000000003 0.035416666666666666
3 0.60859375 0.328125 0.0140625 0.03125
