0 0.52109375 0.4666666666666667 0.0078125 0.0125
1 0.032031250000000004 0.9562499999999999 0.0171875 0.025
0 0.98046875 0.04895833333333333 0.0171875 0.01875
1 0.12109375 0.8468749999999999 0.0234375 0.022916666666666665
0 0.815625 0.13125 0.018750000000000003 0.020833333333333332
0 0.50390625 0.11458333333333333 0.010937500000000001 0.0125
0 0.20859375000000002 0.184375 0.0328125 0.027083333333333334
1 0.3203125 0.5 0.018750000000000003 0.020833333333333332
0 0.7203125 0.4583333333333333 0.021875000000000002 0.025
0 0.19843750000000002 0.7322916666666667 0.028125 0.052083333333333336
1 0.87890625 0.6572916666666666 0.0234375 0.03125
1 0.43828125 0.74375 0.0765625 0.11666666666666667
1 0.6937500000000001 0.6135416666666667 0.096875 0.09791666666666667
