1 0.7791666666666667 0.37734375000000003 0.025 0.010937500000000001
0 0.6989583333333333 0.6781250000000001 0.01875 0.00625
1 0.7760416666666666 0.39375000000000004 0.027083333333333334 0.021875000000000002
1 0.11875 0.56875 0.0125 0.015625
1 0.5927083333333333 0.72578125 0.01875 0.0171875
1 0.146875 0.4109375 0.035416666666666666 0.021875000000000002
1 0.026041666666666668 0.6140625000000001 0.01875 0.0125
1 0.25104166666666666 0.4625 0.01875 0.015625
1 0.5114583333333333 0.6742187500000001 0.022916666666666665 0.0203125
1 0.521875 0.565625 0.027083333333333334 0.021875000000000002
1 0.5541666666666667 0.48281250000000003 0.020833333333333332 0.015625
1 0.8395833333333333 0.6109375 0.041666666666666664 0.025
1 0.284375 0.86875 0.04375 0.03125
