1 0.9460937500000001 0.8770833333333333 0.051562500000000004 0.04583333333333333
0 0.5140625 0.2604166666666667 0.018750000000000003 0.03333333333333333
0 0.32421875 0.8885416666666667 0.0140625 0.027083333333333334
0 0.20468750000000002 0.378125 0.053125000000000006 0.06875
1 0.38906250000000003 0.98125 0.021875000000000002 0.029166666666666667
1 0.39453125 0.8145833333333333 0.035937500000000004 0.058333333333333334
0 0.7039062500000001 0.540625 0.0578125 0.08958333333333333
1 0.66328125 0.8 0.11406250000000001 0.13333333333333333
1 0.25546875 0.5260416666666666 0.1046875 0.13958333333333334
1 0.59921875 0.5416666666666666 0.1953125 0.17083333333333334
0 0.4265625 0.49166666666666664 0.015625 0.03333333333333333
0 0.49531250000000004 0.5572916666666666 0.021875000000000002 0.014583333333333334
