3 0.9416666666666667 0.70078125 0.0375 0.0421875
2 0.9427083333333334 0.04453125 0.10625 0.0859375
0 0.8510416666666667 0.453125 0.035416666666666666 0.021875000000000002
1 0.8083333333333333 0.47421875 0.12083333333333333 0.0578125
1 0.8260416666666667 0.25546875 0.11458333333333333 0.08281250000000001
0 0.80625 0.43359375 0.03333333333333333 0.0234375
2 0.8177083333333334 0.675 0.09375 0.08125
2 0.35104166666666664 0.63203125 0.26875 0.2921875
2 0.490625 0.33515625000000004 0.33541666666666664 0.2859375
1 0.721875 0.3171875 0.10625 0.078125
1 0.8239583333333333 0.30859375 0.07708333333333334 0.0390625
3 0.8770833333333333 0.59375 0.11666666666666667 0.07500000000000001
