0 0.37083333333333335 0.76328125 0.029166666666666667 0.0203125
2 0.7864583333333334 0.20468750000000002 0.08958333333333333 0.065625
2 0.5364583333333334 0.24375000000000002 0.11041666666666666 0.08125
3 0.4822916666666667 0.93125 0.15625 0.125
1 0.4010416666666667 0.465625 0.14791666666666667 0.1125
0 0.440625 0.7609375 0.052083333333333336 0.034375
0 0.3770833333333333 0.7328125000000001 0.05 0.040625
1 0.37083333333333335 0.83984375 0.19583333333333333 0.18281250000000002
1 0.25625 0.54453125 0.15416666666666667 0.11406250000000001
1 0.3989583333333333 0.53671875 0.09791666666666667 0.051562500000000004
