3 0.2604166666666667 0.4078125 0.07916666666666666 0.08125
2 0.21875 0.16875 0.07083333333333333 0.0625
1 0.7885416666666667 0.26328125 0.13958333333333334 0.0890625
3 0.9041666666666667 0.7679687500000001 0.1875 0.1765625
0 0.6989583333333333 0.6218750000000001 0.06875 0.05625
2 0.7572916666666667 0.909375 0.13958333333333334 0.153125
1 0.73125 0.1546875 0.2583333333333333 0.23125
1 0.5635416666666666 0.28359375000000003 0.20208333333333334 0.1640625
0 0.6020833333333333 0.57578125 0.08333333333333333 0.0484375
1 0.5364583333333334 0.7046875 0.28541666666666665 0.225
