1 0.28020833333333334 0.017968750000000002 0.03958333333333333 0.026562500000000003
1 0.33229166666666665 0.48046875 0.13541666666666666 0.060937500000000006
1 0.16770833333333332 0.05390625 0.035416666666666666 0.026562500000000003
1 0.346875 0.35468750000000004 0.10208333333333333 0.078125
1 0.2375 0.38359375 0.1625 0.1265625
0 0.5145833333333333 0.6484375 0.10833333333333334 0.14375000000000002
1 0.47604166666666664 0.43984375000000003 0.27708333333333335 0.22968750000000002
1 0.6645833333333333 0.63046875 0.2625 0.1859375
1 0.6895833333333333 0.85859375 0.029166666666666667 0.029687500000000002
2 0.6604166666666667 0.8453125 0.041666666666666664 0.034375
