3 0.5265625 0.5458333333333333 0.037500000000000006 0.03333333333333333
3 0.5703125 0.8083333333333333 0.015625 0.029166666666666667
3 0.25625000000000003 0.9802083333333333 0.015625 0.022916666666666665
3 0.12187500000000001 0.5864583333333333 0.084375 0.11041666666666666
3 0.98203125 0.7875 0.029687500000000002 0.05
3 0.19062500000000002 0.5395833333333333 0.06875 0.0875
3 0.6234375000000001 0.21145833333333333 0.07187500000000001 0.11041666666666666
3 0.28046875 0.4739583333333333 0.0578125 0.08541666666666667
3 0.640625 0.32916666666666666 0.10312500000000001 0.1375
3 0.7890625 0.43854166666666666 0.13125 0.12708333333333333
3 0.671875 0.5708333333333333 0.109375 0.1875
3 0.21171875 0.5895833333333333 0.0546875 0.06666666666666667
