3 0.025781250000000002 0.03854166666666667 0.0546875 0.08125
3 0.10703125000000001 0.2760416666666667 0.0578125 0.07291666666666667
3 0.97421875 0.12395833333333334 0.0484375 0.06458333333333333
3 0.753125 0.275 0.043750000000000004 0.06666666666666667
3 0.5750000000000001 0.196875 0.12187500000000001 0.21458333333333332
3 0.46640625 0.6614583333333334 0.0734375 0.11458333333333333
3 0.4859375 0.371875 0.140625 0.23958333333333334
3 0.5625 0.8375 0.08125 0.12916666666666665
3 0.7117187500000001 0.17395833333333333 0.045312500000000006 0.06458333333333333
3 0.7328125000000001 0.20104166666666667 0.034375 0.05625
3 0.75 0.10520833333333333 0.025 0.035416666666666666
