3 0.2484375 0.55 0.037500000000000006 0.04583333333333333
3 0.11640625 0.69375 0.1234375 0.13333333333333333
3 0.7976562500000001 0.6677083333333333 0.0734375 0.11458333333333333
3 0.68359375 0.44375 0.06406250000000001 0.1
3 0.53046875 0.4302083333333333 0.0734375 0.13541666666666666
3 0.325 0.07708333333333334 0.09062500000000001 0.15833333333333333
3 0.5015625 0.6541666666666667 0.065625 0.10833333333333334
3 0.24609375 0.7729166666666667 0.16718750000000002 0.2125
3 0.50625 0.36666666666666664 0.043750000000000004 0.04583333333333333
3 0.9281250000000001 0.026041666666666668 0.0625 0.05625
3 0.88671875 0.040625 0.0390625 0.04375
3 0.98359375 0.078125 0.026562500000000003 0.052083333333333336
