3 0.984375 0.465625 0.025 0.052083333333333336
3 0.0484375 0.32708333333333334 0.046875 0.05
3 0.11171875 0.5552083333333333 0.026562500000000003 0.03958333333333333
3 0.78671875 0.9427083333333334 0.029687500000000002 0.04375
3 0.72578125 0.75625 0.045312500000000006 0.05416666666666667
3 0.9304687500000001 0.9572916666666667 0.029687500000000002 0.04791666666666666
3 0.8984375 0.5822916666666667 0.053125000000000006 0.08125
3 0.29921875000000003 0.7114583333333333 0.1390625 0.21875
3 0.6218750000000001 0.5177083333333333 0.265625 0.4354166666666667
3 0.7796875000000001 0.6802083333333333 0.028125 0.05625
3 0.38046875 0.075 0.0546875 0.10833333333333334
