3 0.12083333333333333 0.6101562500000001 0.020833333333333332 0.0171875
3 0.49374999999999997 0.45937500000000003 0.3541666666666667 0.278125
3 0.8177083333333334 0.534375 0.01875 0.0125
3 0.8479166666666667 0.55390625 0.020833333333333332 0.0140625
3 0.90625 0.6000000000000001 0.020833333333333332 0.015625
3 0.890625 0.6117187500000001 0.01875 0.0171875
3 0.9572916666666667 0.51015625 0.022916666666666665 0.0140625
3 0.98125 0.15000000000000002 0.029166666666666667 0.025
3 0.8604166666666666 0.06875 0.029166666666666667 0.028125
3 0.8697916666666666 0.16953125000000002 0.027083333333333334 0.0203125
3 0.2947916666666667 0.9226562500000001 0.014583333333333334 0.0140625
3 0.23124999999999998 0.95859375 0.016666666666666666 0.010937500000000001
