4 0.07708333333333334 0.46953125 0.041666666666666664 0.0203125
4 0.4552083333333333 0.259375 0.04375 0.037500000000000006
4 0.051041666666666666 0.3296875 0.03125 0.025
4 0.915625 0.6937500000000001 0.07291666666666667 0.05625
4 0.253125 0.2265625 0.03958333333333333 0.03125
4 0.07395833333333333 0.6765625000000001 0.06041666666666667 0.05
4 0.1 0.63828125 0.025 0.0140625
4 0.13229166666666667 0.6882812500000001 0.04791666666666666 0.0234375
4 0.7947916666666667 0.44062500000000004 0.04791666666666666 0.037500000000000006
4 0.9197916666666667 0.503125 0.01875 0.018750000000000003
