008134857
006032455
005011202
006072518
006072773
007184506
004270641
007264649
007184202
006072715
005011165
005011126
008134957
007123555
007123617
008245203
008245383
009015617
008134963
004270193
006072617
007123557
008245362
006032459
009015837
007183983
004270123
006032341
007183907
005061639
006073075
007264661
009015807
008245337
008134973
005011413
005061953
006073302
006032074
006072556
008134834
004270508
004270275
006032194
004270075
006032250
005011373
005010969
006073291
005011513
005061968
008135042
005011365
006073074
006072764
008245269
009015624
005011312
006072585
009015523
006032113
006032277
005011093
004270267
004270395
005011422
006032253
005011341
008185083
006072868
008134906
005011158
008134873
005010974
006073359
005011340
004270449
007184346
006072967
005010786
004270381
004270314
007123772
005061568
009015577
006032458
005010758
007184477
005011032
004270362
005061989
007184533
005062018
008245169
006032334
006032276
007183908
006032482
004270644
008245332
008135023
006072986
006072952
008245263
005010846
007123443
006073387
008185098
005061723
004270093
006072569
005010743
008315491
004270555
005061826
006032324
007194572
004270332
008134939
005011467
004270374
008245376
007123499
007123610
006032190
007123580
006073355
006072642
007123706
005010762
009015562
006073027
008245306
006072609
004270286
005062012
005011060
007123649
005011424
005062023
004270454
005061737
006032256
008315448
007184056
005061643
006032347
008245384
007123560
008134941
008245196
007183856
008245358
007184063
007264704
007184036
007184302
005010751
006073379
007194575
005011309
006072608
006073305
009015586
007123635
007184404
007264695
007183835
006032393
006072940
009015632
009015497
006072955
006072712
008245243
005011018
005062017
004270253
007183968
006032290
007184428
007184225
006073267
005061665
007184201
005011315
006032165
007183931
004270620
004270562
006072749
004270184
004270247
008245218
007184150
006032450
005011009
005011357
006072579
008134889
005061866
004270067
004270259
007183944
004270522
009015644
005061835
007123701
007184013
007183986
007184446
007184258
006032340
006073261
004270622
008134774
009015720
005011172
007184296
006032251
009015803
006073247
006032197
008135015
006032466
007194571
006072871
005011073
009015573
005010710
006072494
007123490
005011124
009015563
007183820
008134877
006072743
006072830
007123512
007184215
007184414
004270287
006073141
008245279
007123518
005061852
008185110
005011259
005061776
007184167
005010695
007123548
004270179
007184548
005010826
004270642
005010981
007123591
005010831
005061642
005011437
006073358
006073375
007264725
008315473
009015705
006072901
006072935
004270525
007184522
004270378
008134815
004270518
008315436
009015687
006073210
007184265
006072577
006073310
004270097
006073197
005061573
005062022
005011030
004270364
004270457
007184109
007184114
005011068
008245222
009015516
006072508
005011297
008315465
005061580
004270157
005011211
006072748
005010808
004270485
005011221
006072895
007184278
009015758
005011023
007123599
004270607
005011044
007123607
009015556
007183895
004270300
004260060
004270312
008135018
007183935
005061619
007264670
009015656
004250056
006032315
009015659
009015526
005062041
009015740
005011167
007123702
008245163
006032305
006073278
007184161
004250050
005011314
005010729
005011450
007123737
007183839
007123658
006073215
006032164
004270564
006072865
008245298
006032460
006072783
007184040
007184534
005011129
005011320
006072594
007123451
007184230
004270199
009015749
009015643
008134851
006072648
005011268
006032416
008134920
009015547
008245192
008245262
004270388
007264724
008134783
009015541
006032242
007264651
006072825
004270343
005061621
005061672
006032351
008245290
008134926
006072821
004270542
009015666
006073389
007183988
006073208
007123519
008134937
006072603
006032134
006032378
007123556
006072776
007123535
009015688
007184396
008245171
005061784
005011101
007184332
005061854
005011141
006073313
006072856
007184238
006073023
006072696
004270274
007184151
005011004
007184094
007184537
006032293
008185082
006073170
007183965
007184186
005011382
009015521
007184387
007264727
004270544
006072686
008134885
007183900
005011187
005061829
005011166
006073401
004250033
006073144
008245341
005062036
008134785
006073349
008134929
007123784
006073110
006072728
005061764
007184014
006032259
005010688
009015759
007184227
007194615
007194601
006073377
005061680
005061811
008245174
007264708
005011153
004250011
008134927
004270385
008185099
008245381
005011043
004270210
006072887
005010754
006072553
007194617
006032387
008134997
008245151
005061538
008134828
006032147
006073311
008185093
004270481
005011099
005011434
005011525
006072908
005061695
006072583
005010955
007264678
004270202
006072676
006032314
005011519
004270399
007184539
007123455
009015670
005010744
005010668
005010914
005010951
008315449
005011185
007184147
007184050
006032168
007184088
007123527
006073255
005011103
005061636
004270453
007184188
006072842
004270066
008185072
004270290
005061786
007123698
007264653
006072863
005061654
005061704
006072883
007183842
004270435
005061725
005061858
007264744
006073056
004270169
007123625
006032055
005011376
006073135
006072757
007184133
007183801
007123595
004270064
006073151
006032439
006073146
005061675
005011011
007123588
007183992
004270170
006072673
007184543
005010752
009015564
005010784
005061798
006032128
006073372
005061743
008315426
007123553
009015653
008245268
007183818
006073346
008185066
004270116
005061674
006032297
007184354
006072866
005010871
004270298
005061853
006073385
008315427
006072769
007184287
007264689
009015667
007123650
005011281
006032249
008245190
005061837
005061536
008134814
005010835
005011238
005011296
008134903
009015657
007123681
009015729
007183942
006072575
008135020
005010699
008245237
008135028
007184355
007184158
004270198
006073334
007184195
005061964
007184484
007184341
004270143
005061700
009015638
007183862
008134966
007123410
006073098
008245212
008134982
008135027
007183812
007123448
007194643
005011104
005010893
005011510
005011368
007123419
007194570
004270243
007184401
007184069
004270326
007194614
008245271
004270138
006072862
004270487
008245380
009015507
005010937
006072606
007123509
008245274
007194596
005011108
004250009
006072666
006073234
009015580
009015805
007264713
004270304
006032145
009015745
005011267
008134768
009015853
004270605
007183831
006072843
007184434
007184429
006072809
005061652
008134956
006032132
007123437
007184532
009015555
005011304
005061542
005061641
007123750
006073326
007123511
006072880
005011466
007123674
008134911
007184459
005011327
007184160
006073153
004270108
006032234
005061586
005061881
005011487
007184544
007184054
006073009
009015588
007184406
006032457
006072578
006072669
007184417
006073136
008245156
006072754
008135002
005011122
007184012
005011175
005010883
004270593
004250017
007184176
007123420
006032267
007194635
005011514
008245399
009015668
006073284
005011453
006072792
007184289
006032057
005011240
006072964
008134918
004270602
004270345
005061971
009015558
005061943
006032410
007123629
005061892
008245404
004270155
008135041
007264749
006032100
004270133
005011063
005061623
006072505
008245385
007184131
005010730
008315455
004270186
007123612
009015665
006073046
005061676
005061626
006073106
007184253
006072894
005061628
008245264
006032159
004270347
006032279
008245186
008185094
009015770
008134813
008315471
006073363
006072993
007184098
005011448
005010665
004270297
006073230
007123734
006032287
006032240
007184327
005061932
007184347
005010728
007184397
005011436
007123715
005011363
007264738
005010696
007184101
008245368
006072793
006073249
007194583
006073371
005010905
008245377
005061923
007123593
006032217
005061649
004270437
005010764
006072718
006073163
005061903
006073025
006032205
006072994
006032090
004270551
005011401
006073227
007194610
006032445
006073219
006032304
008315475
006032214
004270643
005061957
007184246
004250024
007184418
006073309
004270625
007183975
007184495
007184483
005011095
005010796
005011036
009015775
006072510
006032092
005011522
004270095
008245351
008134998
006072800
006073073
007123661
007264750
005011115
005011417
005011272
005011182
005011013
006073243
006032283
004270167
004270389
005010679
004270106
007184560
007123589
006073156
005061617
006073104
005011345
008134835
005010866
006032333
007123422
006032394
005011161
008245400
006073029
005010895
005010962
004270510
008245221
006032362
007194590
004270175
005061731
006032210
006073383
007123457
007184264
005010689
005011392
006072874
005010734
008135036
006072588
006072918
009015706
008245232
007184288
006072857
008315485
004250022
005061889
008185113
005061688
004270112
007123515
007123608
007194592
007184207
007184226
007123663
005061907
005061901
005061599
006032295
007184168
006073245
006072698
007123447
006073242
005011405
006072550
005011215
006072777
004270065
007183840
008245285
007194582
005062026
006072751
004270173
006032129
004250002
006072968
007183808
004270092
005061941
007184097
005011333
004250007
005011471
005061898
007184222
004270219
006032375
006073168
007264703
006072598
007184178
006072537
007264688
006073101
005010886
005010782
008315425
008315469
006032434
006072903
004270089
006032131
004270236
007184044
007123434
006073367
006072848
008134897
009015806
004270541
007194588
007184217
005061734
005011245
004270271
007184025
006072930
007194567
007183854
009015683
009015826
007184316
006073057
005061832
007184538
008134817
007184003
007184084
008134837
004270231
004270224
007184403
005061956
009015751
006032202
007184193
005010690
005011358
005011040
006072546
006032398
007123789
009015747
006072840
007184023
007184356
005010888
006032280
005011305
005011082
005061750
006073331
004270409
007184007
007184283
006032226
004270148
005010935
008245199
004270509
006073340
006072906
009015798
005011207
005062052
005011364
006073268
005061703
008134825
006072957
006072561
004270194
006073174
009015817
004270406
008135037
008134895
004270527
008245365
006032319
006032472
006032449
004270107
006072535
009015727
005061691
005061794
006072735
006032201
008245140
008185106
007183979
008134974
008315438
006073273
006032112
006032441
006032380
007123605
007264733
005011010
006072795
009015723
007184251
005061868
005011242
005011191
006072914
007123523
007123693
007184080
007184498
006072589
004250052
006073281
008134759
007123677
005061582
005011282
004270425
007184500
007123743
007194587
007123744
007123736
009015828
004270256
005061650
005010932
007183817
006073304
007184018
006073408
008245246
005010711
005010650
004270111
006032382
008245224
005011293
008134823
009015742
008245316
008245197
005010795
005011125
004270294
008134951
008245234
007183814
009015852
005061710
005011144
007264694
005011411
007264657
006073299
008315408
007184474
007264705
007183957
009015664
006072945
005010971
009015613
007123728
006032383
007183964
007123713
006072521
006072636
007123628
007184328
006073362
008245304
006032471
007123417
006072630
008315421
006072542
004270153
005011177
007183803
007123637
008315487
007184136
007184547
008245208
006072524
006073116
006032437
004270350
008315489
008315466
008134959
005062031
008315412
005011000
005061872
007184019
006032357
006032198
008245309
006072801
005011370
006032488
006072631
004270205
009015813
007184310
006072632
005011088
009015530
006072904
005011216
004270282
006032442
005011402
006032175
007184070
007183980
005011098
006072872
006073070
006072885
004270645
007123686
009015744
006032188
004270633
007184184
006032391
007184198
008315446
007184497
009015746
006072963
007264666
007184110
004270462
008134909
008245291
006073148
006032185
007123506
007264680
008245265
005011159
005011408
006032301
004270268
005011149
007184252
007123733
005061908
005010822
007184471
009015702
007123513
007264746
008245123
006073038
004270553
005061763
007123780
005061686
004270255
008135043
007183829
007264683
006032076
008245379
006032465
009015514
004270225
007123428
004270392
005061604
005061779
007184415
005061827
006072959
007184281
007184171
004270299
005011255
006072802
005010972
007183866
007184410
007123462
005061697
005061555
005010686
005010930
009015593
005011380
008185069
005061651
006072670
005010755
008315486
004270572
004270500
005061928
008134790
007184554
006073252
005011027
006072499
005011033
008134761
006072893
004270342
008134763
005011243
005061629
007123502
005010750
009015690
006032350
008245205
005061758
007183911
006072996
006032169
004250040
008134989
004270063
007123688
008185084
005011277
007184513
005011462
004270187
009015685
008245167
005061845
006072912
005061607
007183863
006072723
004270577
008135029
004270566
006072823
006073357
007184137
004270090
006073000
006032056
005011356
007123721
005011371
005061987
005011403
006032093
004270599
007184504
005062033
005061596
007184557
006032080
007184125
006072807
005061823
008134901
008245230
007183825
005061738
005061576
006073342
007123651
005010997
006032269
006072639
008134816
005011292
007264697
004270313
007123470
005061692
005011096
006072854
005010802
007184501
007123476
006072811
008245342
007123694
008315447
007123414
008315432
008245244
005010987
007184105
007184518
007184165
004270478
009015513
007123517
008245137
007184362
007194642
007184026
007123484
006073031
006072915
005011438
004270391
007194576
004270447
007183845
006032469
009015626
007184236
006032480
007184407
006073405
007123418
006072565
009015671
004270137
006032186
005061537
009015642
007184360
008245286
008185074
006032235
006073347
007184187
007184520
008245258
005010787
009015763
007123551
006072637
004270473
007264719
007123684
009015722
008245325
005062016
007184488
006073087
007123754
007123565
005061714
007123662
004270628
004270117
007184048
004270436
008245173
008134905
005011266
006072626
005061567
006072659
005011352
006073321
005061726
009015846
008185102
005010649
007184208
008245338
007123758
004270424
005010780
006072710
006032470
009015810
004270537
005010818
008245401
005061534
006072672
005061564
005011468
004270354
006032060
005061744
008134949
005011490
007183939
007183936
005011395
005061751
006032062
007183959
009015533
004270292
006073130
005011214
005010991
006073248
007184223
008245150
006073091
008185100
008185078
006072948
007264753
006073076
005010983
006072824
004270077
007183996
008185058
006072910
004270206
006032322
004270285
004270603
007184020
006072498
008245153
008245195
007123604
009015520
006073118
006032263
007183960
006073316
007123636
007123697
007184309
007123478
007123547
005010859
005061602
009015672
009015522
006032464
006032137
004270616
006072878
007123438
004270177
008245216
007123775
005010731
006073041
005010970
006032148
007184062
007123465
004270239
006072658
007184166
006032160
006072580
005011046
004270099
005061622
005062043
006032427
008135047
005010732
005010949
007184424
007264745
005061916
006072977
006032086
005010717
005061618
007123633
005061996
005010819
007194568
006072582
005061590
007123657
008245155
004270595
005010954
006073296
005010803
005010870
006032344
004270262
005011515
005011065
005010663
008134854
004270524
005010683
007184228
008245355
006072982
007264751
005011083
005010916
007184465
006072714
008134800
007184229
004270072
005011188
004270102
006073202
004270284
007184343
007123544
005011429
008315414
007123755
006072706
005011002
004300646
009015855
006073180
006032342
004270514
005061991
005011075
005011298
005061950
006073336
005010781
005010897
008134849
009015658
008135054
006073391
005010804
008134805
007183850
008245347
008134955
004270520
004270122
008245313
007264715
007184113
007194608
008245345
007123425
004270071
005011458
009015831
005011313
005011236
004270341
006073165
007123540
006032323
006032177
005062025
006072701
006073123
005010876
004270191
004250001
006073067
009015532
005061993
006073295
005011228
006032411
005010733
006073021
006073217
006032400
008245119
006072503
007184175
007123672
006032181
007184068
005010814
006073376
007184460
005061769
007123705
007184559
005011113
005010838
005061801
006032254
005011001
007184461
006032386
005010735
006072621
008134913
007123670
008245200
008245303
006073090
007183897
008245161
006073008
008315441
008134892
009015589
005010815
005011139
007123516
004270611
005061557
007194641
007184419
005061608
004270412
007184277
005061777
006032385
004270369
007194632
006073199
004270140
005062021
009015676
007184528
006032356
008245139
005061757
004270497
004270492
008134899
005010773
006072620
004270301
006073129
006073143
006073182
007123621
007123460
007184086
005011034
007184420
005061730
008134952
007184326
004270094
007123794
008134788
005011007
005010896
006032300
005010924
006032335
006072528
006073134
007183994
006072688
006032328
007194573
008245369
006073370
005010772
006072835
007184376
009015725
005011227
005011476
008134893
008134930
005061927
004270359
004250030
005010967
005011354
009015584
005011338
005010959
008315420
004270505
006032289
005011300
005011464
006073007
004270161
006072702
004270337
009015779
005011051
005061662
008315493
005010899
004270358
007184370
005011507
007184250
004270636
004270426
005011430
005011367
005010977
006072758
006032474
007184561
008245370
007183804
004270488
006072612
005061679
009015743
006032138
008134908
005010848
006032216
005011203
006032349
005061882
006073374
009015660
004270121
004270238
005010682
007183999
006072846
007184057
005011163
006072958
005011461
005010656
006032191
006072489
004270493
004270098
005061825
005061632
005061843
006032059
007184300
006072734
006072610
007184099
004270328
005010805
008135038
005061959
007184189
009015649
004270552
007184081
008134900
006032476
005061795
006073303
004270366
006032218
006032200
008185068
009015783
004270463
005011111
006073161
007183930
007123626
005061873
005062003
006072721
009015608
005011134
005061925
006032345
004270113
007184170
007184071
007123453
005061876
006072540
007184141
009015772
006072677
004270316
008315478
006073320
005011391
004270250
004250048
009015808
005011179
008134874
009015574
008245187
006072961
005011239
009015559
007184512
007123749
006073322
006073024
006032428
005062045
006032068
009015756
005011428
005010858
009015741
008245183
007184192
007184542
006073181
009015501
007194634
005061541
007184182
007184379
008245235
009015792
007184075
007183876
008245165
005011472
007184285
006073138
006032176
005011199
004270278
006032325
007123498
005011311
005010706
005011029
005011028
007264726
007183997
005011097
005061591
008245294
006032329
009015621
005011232
006072953
005061807
006072984
007194644
006073093
006072665
008245143
005011366
004270103
005011441
007184430
005061888
007184042
006072547
006072543
006032105
007183958
005010657
008134810
007183903
006032479
005011385
008315413
005061614
008135056
004270517
006032353
007123752
005011026
006072916
006032087
006073231
007183826
005011353
006032155
006073171
005011431
005010843
005011091
007123735
007264667
009015843
007264717
009015823
005061954
006072943
009015795
007184468
007184312
005011503
007123764
007184008
009015715
006032189
005010839
006073145
008134762
005010833
007194602
008134965
006072662
005011440
005061919
006072780
005011414
005010850
006073381
005061802
009015646
007123424
004270261
005011024
007123740
005061782
005061974
005061559
006032485
006032377
007123570
005011260
004270442
006032484
005010666
008245182
004270190
009015597
006073034
007194607
005061702
008245331
007123773
006032140
006032317
009015704
005061717
007123630
007184545
005011198
004270302
005011418
005010882
005011285
004270590
004270222
009015640
005061566
009015598
005010869
007194603
004270539
004270521
007184126
004270160
009015540
005011359
005061904
007183982
008185111
007123567
006073062
005011020
005010662
004270408
005011273
007184275
008245157
005011039
007184431
006072806
007184219
007264685
004270204
007184254
008245226
008315456
008134770
005011062
007183954
005061533
005062010
008135035
005011208
005011197
004270125
005011432
007264699
008245193
004270128
006073271
005061611
007183834
004270503
005010669
006032268
005061963
009015700
007183836
005010740
008134841
009015596
005061694
008245318
006032371
007183867
006073360
007123585
004270279
007184066
005010704
006073052
007123792
006072998
005011136
008245209
006072831
005011131
004270434
006072942
006072572
007184361
006073022
006032203
005062020
008245391
006072920
005010658
007123644
005061579
007183917
006073094
007184400
007184486
005061951
009015694
004270230
008134890
006073274
008315462
006032307
006072979
007183927
005061705
004270515
007184095
007123687
005010763
004270491
007184000
008185116
004270448
006072985
009015713
005011342
005011090
007183901
006032166
006072765
005011012
007184108
006032467
004270171
005061661
008245256
007184462
006072655
009015662
005061713
008134950
006032246
005010719
006073353
007183837
004270356
005010890
005010990
008315417
007123439
007194597
007184047
008134778
006073155
007264728
005011145
008245211
007123582
005061988
006073292
006073344
007184490
006073393
006072533
007264716
005061767
005010867
009015696
005061616
007264743
006072853
007183878
008245148
006032075
004250006
008134855
006032118
008134779
005062038
007123583
007123562
006072981
007123646
004270604
006073260
006032308
006073011
006073083
006072502
005061696
007123596
007123472
007123552
007183918
007184323
005011132
005011350
009015648
007184373
006073272
007184118
007183989
004270619
006072530
005061859
004270226
004270329
006032252
009015692
005011288
004270623
005010797
004270172
008134986
008185115
004270422
006073121
009015614
006073086
005011529
005011427
007183967
005011234
005011301
005011085
005010715
006032291
005010714
005061577
007184284
009015767
008134954
008245166
005061606
006072789
004250046
008134987
008185095
006073042
005011451
009015519
008134995
007194580
006072828
008245154
006072490
005010873
004270361
004270578
007183928
008245308
004270131
006032399
005011081
007194613
008315490
007184212
004270468
006072611
008185104
005011261
007194611
005010927
005010976
006032299
009015844
008245360
009015631
007123450
005011112
007123503
007123454
006032065
009015830
009015627
008185118
006072838
007184235
009015838
006032127
005011160
004270289
008134878
007183819
006072860
009015734
006073015
007123730
004270418
006072827
005011523
008185061
005061863
005061844
006072555
005010978
005061969
006073373
007184493
008245247
004270114
006032091
004270443
006032321
008315437
006072716
008245297
009015595
005011346
006072946
006073258
007123667
008245335
006032150
008134818
009015754
006032146
006032243
008185086
006073314
007194574
007184546
005010680
008134936
007123532
005011070
007184502
005061595
006073251
005010984
005010988
006072858
005010681
007184142
006073097
007264668
005011452
005062044
005011469
005061911
005061746
007184038
005061788
006032423
004270127
007183913
007184078
008134967
009015524
007264654
006072539
005061682
007183861
005061986
005010792
008185070
005061931
004270608
007264658
008245281
007183838
005061658
005061545
007183815
006073200
006072705
007184469
006073237
006072788
007123431
006032073
005011106
008315415
007183926
005061720
005061739
006072675
007183921
007194636
005010709
004270582
004270627
009015499
007183969
007123558
007184299
005062009
004270516
005061917
007123647
008245120
005061598
008245122
005011509
008245324
006072504
007123452
006073226
007264673
007184272
005061600
007123763
007183955
004270530
007123572
007183872
007184325
008245210
004270549
006032094
005011038
006072736
004270589
007184010
008134992
007184338
006072892
008134977
005061671
008245319
008185114
006072864
004270251
005011263
004270185
004270635
007184146
005061575
005011524
005010875
009015748
008135022
009015565
007184079
006072511
004270232
008245160
008134859
006072596
008245353
004270580
006072888
005061994
005061864
005061656
007184027
007123475
004270377
005061759
006072557
006073388
006072615
006072873
006072491
006073185
007123536
006073108
007184381
005061830
006072879
008134797
005011398
009015774
006072693
004270321
005061799
007123415
004250014
006032443
009015637
006032281
005061978
007264721
008134850
004270563
004270357
009015781
004270387
007123500
008245185
006072581
005011008
005061699
006032149
004250054
006032173
006072691
004270489
006073096
006072870
009015609
009015712
008245398
008135026
005010676
008135046
004270223
007184034
007183891
005010979
006072798
007184357
005061983
008185060
006072944
005061948
005061874
005011406
005061627
008245144
007123753
006072538
006073051
007184074
006032095
005011189
007183855
009015518
005011271
008134858
005061594
004270383
006032241
005061812
006072570
004270393
007184199
004270445
006073040
006072554
004270280
005061934
007184408
006072501
007123759
005011212
006032058
006032107
008245257
004270554
004270076
005011050
008245134
004270507
004270583
008245228
004270519
007123487
006072651
008134836
005061842
009015538
005061745
004270197
008245292
006073082
005011347
005010929
009015545
006072790
009015833
004250004
005011409
004270266
005011486
007123751
005011072
004270227
006073152
004270317
007184231
004270319
008245299
007183798
005061549
006073337
005011087
005011154
007183810
005061810
006072911
007184487
007184180
007123664
008245204
006072587
006073348
008134838
006032367
006073246
007194578
004270638
004270126
006073179
007123678
004270118
008134771
005010953
006072990
007184117
005011146
006073361
006032332
008134881
009015691
005011303
006072607
006072839
004270368
006032389
007184181
005011483
007183953
005011152
006073078
006032468
004270235
006072496
004270211
006032404
007123550
005061748
007184280
006072657
006032082
005010824
007184555
006072954
007123587
005010973
007184266
007184444
006032440
006073250
006072938
007123440
004270430
005061999
004270200
009015655
006073080
004270352
008245359
007184523
006072921
007184314
004270531
007123458
005011279
007264690
004270079
009015768
008134798
008185073
007123467
005061879
007184005
006072545
004270322
008135033
005061664
006032157
006032119
005011504
007183932
008315419
006072784
006072919
004270466
006073044
006073201
005061565
009015811
006032348
009015554
005010900
007123449
006072980
005010723
009015612
004270269
006032288
005011017
005061877
007123665
006073036
006032063
006072852
007184233
007123619
005011361
007123573
006032296
009015847
005011067
007184279
006072668
004270283
006073214
008135052
005010722
006073169
007184152
005011190
007183934
004270141
008134786
006072925
008134758
005011035
007123468
008315435
006072924
008134898
004270547
007184375
006032199
004270438
009015620
007184395
009015618
006072738
005011323
009015787
006072593
005010801
007184358
006032309
006072597
007184073
008245350
007194630
007184368
006072600
005010759
005061644
008245133
008245238
004270523
007184120
005061899
009015835
008245225
005061965
007184348
006073335
005061970
005011449
005011397
007123641
007123456
006072519
004270480
008134944
006072851
006032066
007183937
005010908
005061821
004270397
007183843
005011485
008245251
007184342
007184295
007123746
005011445
005011473
008135039
004270413
005011241
008185112
007123491
006032413
005062029
008135005
008245170
007194569
007183970
007123427
005061677
005011318
006072987
008134861
008245223
005061563
007183946
006032102
008134821
007123510
005011014
006073407
005011219
008134934
006032339
005061647
004270400
007123432
006072727
005010960
007123720
005011505
005061546
007184103
006032274
006072641
005010920
008315488
007184339
005011349
005011264
006032114
006032369
008245317
008134979
007264722
005061990
007123444
007184422
005010807
008134945
007123616
007123716
005061860
005011497
007184399
006073119
007184432
007264682
008134867
007264748
007183922
007123790
007123575
005010820
008315452
007184351
007123581
007183892
006073222
006072742
006072660
005062048
007183846
005011517
006072760
006072560
006032096
006032486
005061913
008315464
007123709
005011400
008245179
005062011
008315422
007183851
007184153
007184154
004270208
006032390
007183933
005061787
004270416
005011254
005010942
004270610
006072826
005010922
009015572
009015600
008245145
008245357
008134915
005011319
008134869
009015581
007184447
009015575
005061870
005061539
008185107
008245315
007194579
006073280
009015622
007123761
007183884
004270576
007184122
004270561
005011511
007184470
009015766
007123726
009015825
007184061
007123696
004270176
007184531
008245184
005010947
006073127
005061771
008315457
006073287
006072926
008245301
009015537
008134984
008135008
007184371
008245270
008134775
008245321
006072999
006073107
005061781
007123785
005061967
005011118
007183864
009015832
004270579
008315482
007123666
006032085
007184174
004270188
005062037
007194589
004270254
006032174
004270446
005011256
005010965
004270336
006073013
005011089
005061653
007184017
008315445
005061975
005010677
005010980
004270632
006073333
006073319
005010884
005011222
006032444
007123466
004270494
008245346
006073012
005010674
006073032
008185063
006073332
006032163
004270162
007123656
006032360
006032310
004270490
004270584
005061780
008135007
005011121
006073398
008134826
007184334
006032228
006072602
005010860
006072909
008135021
007184156
008245406
006072805
005010655
005061977
004270331
008245124
005010996
005010753
009015799
008134916
008134848
006073265
008134884
005010749
007184345
008245245
005061532
005062047
008134996
005061851
007184009
008134961
006073384
005011200
005061603
006073095
006072772
006073190
007183993
007123659
006032099
005011016
006073131
005062007
008134769
006032244
005011423
006073341
007194600
006072646
007184311
006032209
006073055
007264712
006072523
005061817
006072685
007183859
006073039
008245354
007123645
008134991
004270411
008134824
008134940
006032144
005011470
006032220
008245207
006073395
007184274
006072526
008134804
007184089
005010828
007123597
005061709
007123745
006073409
005011328
008245158
009015504
007184049
007184496
005011092
008134928
005011151
004270241
004250016
005010868
006072568
006072679
008134975
006072897
008245233
007123671
005061735
006073002
005011184
006072722
005061984
007183869
006072956
004270246
007183821
005010779
009015755
005061574
005061707
008134932
007184183
008245248
005061856
005061945
007183830
006073328
006073285
007123433
006072520
005061678
006072726
005011421
007184510
005010894
008245392
004270249
007184478
008134789
005061766
006072605
005011133
007123469
005061926
004270277
007183971
006032435
004250020
006032219
006072571
006032088
008134910
006072836
006032433
006072988
005011348
005011048
007184190
005061765
005010738
004270234
006072976
005010692
006032438
007184004
005011316
006072663
005062024
008134811
008185117
008135006
005011369
004270469
005061773
007123703
006032077
005011071
004250036
007194625
006072649
007184485
008134794
006072622
004270479
006072573
004270073
004270320
005061646
006072541
009015663
007184237
006032330
004270104
006072970
007184064
007184494
008245188
005011374
006032238
007183857
008134912
006073232
006073262
007123546
005061711
008315430
007184385
007184240
004250039
008134845
006072534
008135019
008134772
007123483
006032215
005011181
006072619
005010982
007183813
007184191
006072729
005010687
005011496
007123668
005011343
005061718
005061935
005010776
007183987
006032294
006073077
007264671
004250042
004250051
007264681
007123732
006032365
005010742
008315423
007264707
006073112
005010879
007123738
008134820
007184293
005061645
005061659
008185067
006032207
006032303
006072731
006032415
006072687
004270585
005010659
008134907
005011130
004270263
008245215
006073192
008245180
005061747
009015771
008315461
007184524
008245295
008134791
005061724
005011389
006032451
005011425
005061869
007123529
006072796
005011150
008134862
004270428
006073105
007183898
008245254
009015509
005011056
005011110
007194577
005061605
005061878
007184273
009015726
006072652
008134773
005010964
008245178
009015794
006073048
007123411
006032193
007194585
005061708
007123776
007184177
008134914
006072989
004270081
007123690
005062049
006032286
006032346
005011003
007184337
006072841
008135055
007184453
005010948
005010767
007184107
005061635
007123464
009015592
006032064
006072559
007183963
005011443
007184270
005011174
006073345
005010912
007184558
005011302
006072822
004270482
005011526
005010993
005061553
008245176
006073178
007184366
008134879
007194606
005061886
004270318
006072591
008315440
004270338
004270132
007194581
004270429
008245387
008245273
005010800
007184514
004270511
006073315
006073054
006072689
007123463
005061775
007184329
006073399
007123533
006072532
007184527
006073256
005010926
006072635
008134923
005061914
006072604
006073323
005011528
007264648
009015677
008245330
007194584
004270288
007183848
004270498
007184439
005010748
007183978
006032448
006032373
007264672
004270221
007183888
006073092
006072653
005061634
008245149
006072829
007184475
007123747
007184209
007194598
006073089
007184297
006073006
006072973
007123769
008135024
007184123
005010842
008245349
009015762
004270295
007184205
007183889
006073017
007123577
009015815
006073298
008315470
008245374
007123793
006072683
005061818
006072819
007123603
007123442
006072628
007184261
009015841
005011330
006073270
004270405
009015812
006073120
005010726
007183822
008185088
004270455
007123485
007184224
007184369
005010918
009015594
006032229
007183849
006032162
005010739
007183887
005010798
009015633
004270068
008245249
008134864
007264669
005011420
006032104
005011142
007123507
006073158
004270465
009015512
005011173
005011479
007264662
005011127
007183949
006073139
004270568
005061673
008134793
008134802
009015534
005010816
007123554
008245344
007184433
007123480
006032405
006072549
007194563
008134970
004270456
004270597
007184077
008245300
008245214
005061809
004270365
007184298
005010911
007264747
005011244
007184372
007184308
006073259
007183940
009015719
006073404
006032370
004270559
004270220
006032236
007184119
008245333
005061670
007264710
005011447
006072497
006032336
009015681
005010684
005061961
004270291
008134809
004270203
009015636
004270570
008134947
007183991
005061855
007184333
005010941
007123501
007123542
009015553
005010925
008315424
004250018
008245252
004250041
006072966
008135011
008245240
005010985
005061893
008134757
005061992
004250012
005062027
006073317
004270401
005011274
006032271
009015607
006073308
004270419
008245283
006072640
006072506
008245382
007184059
007184550
005061944
005011123
005011147
008245280
005011474
007184389
007183995
007184140
009015542
008315472
005011362
005011321
004270163
005061789
007184540
005010777
005010705
006073382
006032265
004270613
006073137
005061985
006073224
007184130
009015845
005011322
007184317
006032424
008134812
008245312
006032343
006073400
005011206
005011336
005010999
004270594
005061814
006073283
005011246
007184249
005010817
005011194
004270120
007184218
006073325
008245322
004270105
006073183
006072634
008245373
007184409
007184421
005061785
005061701
007184476
005010887
006072574
006032211
006073071
007184411
009015791
009015605
005061783
004250049
005010716
005011480
006032223
007184157
008245327
004270183
005010958
009015854
004270470
006072803
007183916
007123766
006032396
006072661
009015730
005010652
007183924
007184508
007184271
005011482
008134870
006032154
005061681
006073402
006072576
006072643
006073264
009015610
005061633
007184349
006032117
007184028
007184031
008134942
004270575
008134872
005011396
006032221
008245305
006072522
007184149
007123423
007184441
007264692
006072890
006073157
005011377
005010648
007194564
005011230
007184053
006073085
006073297
007184517
007123683
007123642
004270333
005010989
005010675
009015814
005061912
007123615
006073072
006073233
005061793
008245276
006073253
008135017
005010671
006072960
008315444
007264709
008245289
006073293
005061774
009015630
008245162
007184423
005010651
004270534
008134983
008134860
004270550
006073279
008185101
005010865
006072703
006072525
006072781
006073088
005011435
004270382
005011506
007123497
007123486
005011041
008134766
007123783
006073001
004270375
006032156
004270557
004270070
004270242
005011439
005010783
005010700
007184509
004270273
008135010
004270145
004270346
009015616
005011481
004270548
007183920
009015782
007184268
007264740
005010915
009015517
008245198
005061819
004270080
005011107
007123576
005061588
007183853
008134839
006072507
008315410
006072756
005011498
007194605
006032406
006072949
007123675
004250055
007183902
008245250
005011332
007183945
004270248
005011419
005061790
005011192
005011489
004270501
005011410
006073142
008185081
005061902
006072678
007184425
004270180
005010724
007123520
006072768
004250019
007184318
006072694
007264647
006032179
006072950
007184111
009015635
007183985
007123768
008134755
007264701
008315484
008134978
007194594
008245260
004270499
007123578
004270178
008245402
006073318
007123680
006073037
004270415
005011324
005011530
006072797
006073099
006032139
005061936
005010765
006073286
008245352
005010998
005061979
007123543
005061841
005011521
005010904
005061733
005011372
006072724
007264720
006032054
006073053
005011433
007123474
005010766
006072818
009015849
007184262
005011516
005061601
009015752
008134756
008135016
006072601
005061896
006032098
006032284
007264693
008134795
005011022
009015550
007184445
007183865
008245130
004270630
008245329
005011388
006072975
006072965
007194629
004270439
005011204
005011057
007123719
009015510
005061589
005011137
007184041
008245288
005011170
006032264
008185085
006072817
006032171
005061562
004270240
005011484
009015827
009015739
006073397
005010837
005010789
009015695
005061550
005061982
009015508
009015669
005010992
007264698
007184455
006032255
007184060
007123774
008245405
004270432
007184194
006073005
004270441
007184492
005010957
006072750
005011512
006073064
007184082
004270074
005061883
007123430
008185057
006032206
009015651
006073020
007264731
007123614
007184380
008315474
006032354
007123689
008134776
005011156
007123782
007184043
009015527
005010902
006073196
006032120
005061891
007123539
005010791
006072799
004270546
006032212
005011037
005011444
006072849
007184132
006073203
005010812
008245121
006073066
005061684
005010945
006032487
008245343
006032429
007123482
007123538
008245328
005010840
004270460
006072711
007184276
007123477
006072650
009015698
004270567
007123436
007123592
005010778
004270621
007123504
009015650
008134801
007123600
007123494
007123611
009015765
005010872
005061551
005010701
006072951
006073147
005010853
006073324
008245340
005010861
004270529
004270296
007194619
006073050
007183886
007123638
004250035
005011069
007123492
007184499
009015834
005011488
006032227
005061847
005010917
009015535
005010678
005010966
005010768
008134962
008245152
008315431
006073195
005010931
005010923
005061862
006072745
005010813
004270086
005061922
004250034
005011116
009015701
006072896
009015673
005061981
006032135
005011233
005010721
006072928
005010825
007184159
008134876
005061924
005011494
007184449
007123748
004270164
008245339
005061660
006072692
006072834
007123742
007184214
008134819
007183899
006072733
008134796
005011499
007123634
007184413
005011237
007184353
006032408
007123739
005010963
006032262
005010673
005011086
006072739
004270571
008245261
006072495
005061719
005061687
007184458
007184503
005010961
008135031
009015528
005011381
004270581
007184456
007184457
006072558
004270423
009015590
006072509
007184213
008135049
006073396
007123699
004270477
006073030
007184482
007184129
005061749
008134964
007184365
007184148
007194646
006072761
009015697
005011218
006072647
005061728
004270174
008245356
006073288
005010933
008134958
005010821
006073117
006072531
004270349
007264700
006072962
006072774
006072681
009015578
007183909
007183941
007184091
005061915
009015645
004270139
006073111
006072869
006072664
007183948
007123707
007183880
006032247
006072972
006072638
006032183
006032483
007264656
005062050
004270372
004270464
007123541
006072548
004270433
006072527
007183893
005010901
008134822
009015773
004250005
004270149
006072997
007184330
007184541
006072847
004270591
006032358
005011383
005062001
005061884
007123479
007123514
006032258
005061540
007183929
006073364
007184242
006032392
007184304
005062040
008134972
006073167
005061875
005011117
006032337
005061561
006032110
004270475
007183974
007183828
004270281
007183809
005010693
007194604
007123653
007194639
007183896
007184464
005061836
004270344
006032192
006032426
006032196
006072697
007184516
005010770
006073176
007123727
006072767
006073275
006073045
007184291
006032462
006032089
007183981
006072927
007123493
007264659
004270237
008134843
005010832
008315428
006072625
008134904
007184452
005011375
006032282
007123669
004250010
006072536
005010950
006032126
009015551
009015511
007123627
009015583
005010938
005010892
005061548
007184390
008245127
006072833
009015703
004270427
004270612
007264655
005011006
008315458
008245229
005061816
005011384
007184203
004250057
008134847
007184466
006032397
004270324
006032355
005011224
005061952
006072667
006073380
005011226
008245219
005062035
007184052
005062034
005010903
005062000
004270305
008134806
005061593
007194595
008135003
006032418
005011053
006032170
008185071
008134886
007123779
006032261
006032178
004270272
005061824
005011196
008135013
006072763
006032414
009015500
007123522
006072584
006032420
007123579
007184255
008134993
006072512
006032461
004270545
004250032
005061690
008134888
007183890
005062008
007184335
007184090
007194622
007123488
005010939
007183894
005010685
007184200
007183910
006072564
008245242
005011209
006032125
006073162
009015689
005061581
005061937
007123770
005061972
006073058
006032069
005011059
007183881
005061905
005011217
005010806
007184121
007264711
005010793
005011066
006032302
009015611
005062042
008135030
005010889
005061962
007183914
006072816
005011457
006073133
007184104
006032231
004270431
009015506
006032431
004270398
006032121
004270474
007123786
007194599
007184515
006072889
006032141
006072978
007183905
007183984
005011325
005011248
008185077
005061939
005010921
007184394
009015502
006072684
008245367
009015546
006072713
007184473
007184290
006072808
007184257
005061849
004270270
007184106
006073047
006032184
006072923
007184467
005061918
007183883
005061813
009015786
005061958
009015641
005011308
006072633
004270450
009015780
004270639
005011143
007184378
007184367
007183972
005061895
006032388
006032381
007264679
007184480
006072717
005061624
006072613
005010944
005011251
007264665
006073378
006072867
004270084
007123461
008134830
008315479
005011257
006073277
007184124
006073173
006072629
006072899
007184450
006073175
005062046
008245206
007183832
005061597
007184179
007123685
006072690
005061897
009015804
009015582
005010713
006072709
007264730
007123426
008185105
005061637
006073212
005061612
005011478
007184319
007184169
007184525
006073065
006073149
008134803
007184244
004270134
007123496
007194612
007183976
009015788
007123704
004260061
007264723
008134891
006032419
006032372
005010845
006073109
006032436
009015531
005061930
007123613
005010928
007264675
008134875
005010909
006032407
006073114
004270264
004270293
005010790
005010994
005061998
006072850
007184491
005011344
006032097
004270367
007264736
004270586
004250053
005011252
004270360
005061909
007184552
006032421
008185097
006032260
004270276
005010761
007184313
005010891
005011205
007183824
004270078
005010885
006032233
008135034
005061736
006072855
005061900
007123700
008245334
006072778
005011201
007264650
009015604
005010799
006072730
007184320
005011455
005010910
005061929
009015711
004270306
007264732
006072500
004270606
007184340
004250029
008134971
007184051
007123643
005011518
006032123
005061796
008315433
005061772
007123788
004270082
008245364
007184072
005011456
008245189
007183973
007123722
005011258
007123459
006032275
006072741
009015599
007184412
007183858
004270195
005010830
005061861
005011386
006073327
005010727
007184436
009015576
008315454
006073223
006032167
004270327
005011077
009015708
009015536
004270209
007184363
007184211
006072517
005061638
007184292
006073004
007184350
008134833
005061800
006072969
006073289
004270244
009015842
005011331
007184505
006073209
005061938
007184116
004270588
008185076
007194623
006032101
008135014
007184286
006073206
006032116
008315409
005011235
004270124
006072907
007123724
007184035
005010707
006073125
004270334
007123481
009015634
008315442
006073244
006073356
004270370
007184032
004270201
007264663
007184245
005011270
005010898
006032108
009015552
009015503
007264677
006072720
005061715
005061885
008315480
009015753
007123571
008134840
004250013
007183811
006073343
006073204
004270340
007184046
006072820
005010849
007184352
005061613
006073238
005010698
007183844
005010760
006073059
006072762
008245395
005061976
006073406
009015778
005010862
009015557
007183873
006072516
006073390
004270373
007184435
006073033
007184405
005061846
008134953
004270069
007184002
007123412
006073213
006073403
005011463
005061556
008245253
007184454
007184135
004250047
007183879
004270217
008134764
006072814
004270129
008134842
006073368
008245323
006032363
005010852
008134760
004270130
006073236
005061920
005010703
008134887
007184451
005011225
004270181
005010785
006032133
006072941
006072947
006032311
008135051
009015570
005061554
007184442
006072680
006032158
005010995
006072876
005061569
008134863
009015619
006073338
007264742
007194593
005061615
007184307
006072922
008245132
007184263
004270379
007184162
008315416
006032083
006073140
006032182
004250038
007184024
005011119
006073035
006073254
007184526
006072813
009015829
004270402
007123760
009015785
007183852
006032352
006032245
005011387
008245296
006073228
007183841
007123531
007123787
006032204
008245191
006073189
006032257
007184472
005061609
005011220
008245282
009015809
004250015
007123762
004270363
006032327
008134994
008245217
006073154
007183816
006073103
007264660
008134990
006072624
005010741
008134832
005011390
008134871
006072861
008245310
006073216
007123601
006073014
006072891
004270088
005011253
008245311
008245181
005061755
008245168
006072654
007123767
007184384
004270386
005010661
005011502
008315418
007184438
007123568
006032473
005011210
005010863
007183870
009015591
005010834
006073394
007264687
006032172
007264676
008245378
007183912
005011299
007123559
007123586
006072782
005011195
005061806
007184001
008245293
005011223
007184092
006072771
007184145
006072766
009015821
005011114
007123471
008134960
009015682
006073100
008185103
005010906
007183990
007183950
008135040
007183874
005011049
007123606
007183977
006073126
005011492
006032432
004270303
004270213
006073132
009015602
007123692
006073218
008134781
006073330
004270110
004270165
004270310
007184138
005061535
005061857
005011178
006072656
007183827
007184374
009015566
005061942
